46, 41
52, 85, 116, 75
56, 1009, 2012112, 1018
57, 94, 3000005, 3000047, 124
61, 62, 77, 99, 85, 69
71, 3000002, 96, 2015122, 103, 94, 2000000, 1024, 127, 306054, 124, 48, 1044, 75, 104
72, 127, 58, 124, 2015122
82, 117
86, 96, 103, 2015122, 94, 58, 124
90, 94, 103, 2015122, 58, 124, 1003
101, 2015123, 96, 3000007, 58, 3000047, 127, 124, 104, 1003
102, 2000000, 1024, 48, 66, 59, 87, 124, 3000016, 127, 104, 1044
114, 2015122, 94, 103, 3000000, 58, 95, 127, 124, 1003
115, 103, 3000000, 66, 59, 2015122, 58, 3000030, 124, 104, 1003
120, 96, 127, 43, 1014, 124, 95, 39
121, 96, 127, 1014, 43, 124
122, 94, 2015122, 103, 58, 124, 1003
123, 124, 127, 2012123
125, 2012122, 127, 124
126, 103, 3000000, 94, 5000005, 2015122, 58, 124, 1003
1000, 127, 82, 78, 124
1001, 2015123, 96, 2015122, 3000007, 58, 75, 127
1002, 96, 103, 2015122, 94, 58, 124
1013, 1009, 2012112, 1018, 75
1024, 1025
240106, 94, 2015122, 103, 124
240107, 2015123, 96, 3000007, 75, 127
240108, 103, 3000000, 3000030, 124, 104
254007, 96, 2015123, 59, 66, 4000015, 3000007, 75
254008, 4000000, 280002, 3000030, 2000008, 1092, 309010
254009, 1032, 4000000, 1014, 5000005
258110, 2012123, 117, 2000000, 1017, 104
258111, 94, 3000005, 124, 104, 2089, 3003082, 307113, 99
258112, 94, 103, 4007055, 5000007, 124, 2015122, 2012123, 99
332099, 1014, 3000002
2000001, 2000000, 2012123, 117, 1017, 104
2000002, 1003, 1014, 127, 124, 3000002, 2000000
2000003, 2016002, 1018, 2014, 69, 2021115
2000004, 306054, 2000025, 2000010, 1003, 65, 2000000
2000005, 306054, 2000010, 65, 2000025
2000006, 2012123, 117, 2000000, 2000011, 104, 1003, 1017
2012108, 127, 58, 124, 2015122
2012109, 94, 3000005, 3000047, 124
2012113, 1009, 2012112, 1018, 2000011
2012120, 2000011, 2000022, 63, 88, 1017, 3000008, 33
3000001, 3000000, 103, 3000025
3000003, 306054, 96, 3000002, 103, 94, 127, 3000048, 1044, 1043, 48, 41, 69, 33, 78, 4007055
3000004, 3000005, 94, 124, 104, 2089, 3003082, 307113
3000006, 96, 2015123, 59, 66, 4000015, 3000007, 75
3000010, 1016, 3000012, 53
3000011, 3000012, 1016, 53, 5000005
3000023, 4000000, 3000030, 3000000, 48, 2000008, 127, 309010
3000024, 4000000, 280002, 3000030, 2000008, 1092, 3000026, 3000000, 127, 309010
3000028, 280002, 2021118, 3000030, 2021117, 2021119, 3000000
3000029, 280002, 3000030, 2021117, 2021118, 2021119, 3000000
3000032, 3000026
3000033, 258113, 3003082, 3000035, 1016, 3000051, 1026
3000034, 258113, 3003082, 3000035, 1016
3003083, 127, 58, 124, 2015122
3005002, 2000000, 1024, 48, 66, 59, 87, 124, 3000016, 127, 104, 1044
3005003, 3000002, 96, 2015122, 103, 94, 2000000, 1024, 127, 306054, 124, 48, 1044, 75, 104
4000007, 4000010, 48, 4007055, 4000011, 4005000, 258113, 4005004
4000008, 4000010, 258113, 4005000, 4000011
4000009, 4000010, 4005000, 4005001, 4005004, 4000011, 258113
4000014, 4000000, 103, 94, 59, 66, 58, 4000011, 4000025, 4007055, 4004126, 4000015, 3000007
4000018, 4000019, 4000020, 3000005, 4007055, 4000002
4000022, 92, 1016, 1031, 1041, 258113, 4000010
4000030, 4000025, 4000026, 4000002, 4000028
4000032, 4007055, 4000025, 4004126, 4000031
4001099, 4007055, 4000000, 4000011, 117, 4000020, 4000019
5000001, 96, 127, 1014, 43, 4007055, 124, 5000000
5000002, 2015122, 94, 103, 3000000, 124, 127, 5000005
5000003, 1032, 4000000, 1014, 5000005
5000004, 94, 2015122, 103, 58, 124, 1003, 1006, 5000005, 5000007
5000006, 2000014, 87, 59, 76, 66, 1010, 2000013, 4000016
5000008, 124, 2012123, 5000007
5000009, 94, 103, 4007055, 5000007, 124, 2012123, 2015122
5000010, 2012122, 124, 62, 1031, 2012123
5000011, 103, 3000000, 94, 2015122, 58, 5000005, 124, 1003, 3000030, 4007055, 2021118, 1006, 5000014
5000012, 62, 77, 99, 85, 69, 5000019, 1019, 1031
5000015, 127, 82, 78, 3000030, 5000014
5000016, 96, 2015123, 1014, 3000002, 78, 5000014, 3000007, 5000027, 4000010, 258113
5000017, 2015123, 96, 3000007, 1032, 58, 124, 3000047, 104, 1003
5000018, 96, 103, 2015122, 94, 58, 1006, 5000005, 5000000
5000021, 127, 58, 1032, 124
5000022, 94, 3000005, 124, 1032
5000029, 1010, 2000036, 2021118, 5000020, 1037, 73
